Case 1:
238 262 70 214 46 262
Case 2:
5 5 5 5
Case 3:
10 9 16 11 14 11 13 13 14 11 12 12 10 11 16 9 15 7 14
Case 4:
0 0 0 0 0 0
Case 5:
84 156 120 120 120 120 156 84 120 120 156 120
Case 6:
159 103 183 159 263 183 159 159 183
Case 7:
142 142 142 142 142 142 142 142 142 142 142 142
Case 8:
36 36 36 36
Case 9:
0 0 0
Case 10:
49 49 69 39 74 54 74 34 49 69 74 34 44 44 39 59 49
Case 11:
108 126 162 90 135 99
Case 12:
1 0 1 2 0 1 0 0
Case 13:
170136 215496 170136 56736 102096 102096 102096 170136
Case 14:
520 520
Case 15:
255 75 435 345 300
Case 16:
33
Case 17:
567 819 441
Case 18:
3 3 4 2 3 4 4 4 5 5 3
Case 19:
2074 1210
Case 20:
60 50 40 90 70 30 90 50 90 0 60
Case 21:
3 1 8 5 1 9 1 10 5 4 8 8 7 7 5 1 8 4 4
Case 22:
24 0 24 24 0 24 32 16 16 16 16 16
Case 23:
2860 1660 1180 1180 2860 2380 3580 1180 2620 1420 3580 1420
Case 24:
54 54 54 54 74
Case 25:
81 97 65 49 41 41 73 57 89 113 81
Case 26:
12 12 12 12 12 12 12 12 12 12 12
Case 27:
21 33 63 45 9 57 9 51 51 27
Case 28:
7 6 3 7 7 8 1 4 4 0 9 8
Case 29:
5 5 6 6 6 4 5 6
Case 30:
0 0 0 0 0 0 0 0 0 0 0 0 0 0 0 0
Case 31:
0 0 0 0 0
Case 32:
3 7 0 6 3 0 6 2
Case 33:
0 0 1 2 1 0 1 2 0 0 2 1 1 1 0
Case 34:
42 42 66 84 54 42 84 60 66 42 48 72 66 42 66 48 66
Case 35:
4 4
Case 36:
398 258 398 366 258 226 398 226 154 226 366 154 86 366
Case 37:
15 0 0 15 15 0 30
Case 38:
361 91 415 199 91 307 253 145 199 253
Case 39:
0 0 6 3 1 6 2 3 7 7 2 5 6 6 6 6 7 2 0 2
Case 40:
28 37 28 28
Case 41:
248 220 196 304 276 264 304 196 292 276 264 276 196 264 276
Case 42:
54 0 54 0 54 0 0 0 0 0 54
Case 43:
12 15 11 11 16 16 8 16 4 16 12 8 7 9 9
Case 44:
1 1 1 1 1 1 1 1 1 1 1 1
Case 45:
4 3 4
Case 46:
75 90 75 90
Case 47:
298 118 343 433 343 433 478 163 298 343 388 118 478 253 478
Case 48:
0 0 0 1 0 0 0 1 0
Case 49:
0 0 0 0 0 0 0 0 0 0 0 0 0 0 0 0
Case 50:
12 36 12 54 12 54 42 36 30
Case 51:
5 6 9 3 7 8
Case 52:
30 30 26 22 6 30
Case 53:
0 0 0 0 0 0 1 0 1 0 1 0 0 0 0 0 0 0 0 0
Case 54:
1
Case 55:
7 7 7 7 7 7 7 7 7 7 7 7
Case 56:
0 0 0 0 0 0 30 30 30 0 0 0 0 0 0 0 0 0 0 0
Case 57:
9000 9000 7500 9000
Case 58:
2 2 2 2 2 2 2 2 2 2 2 2 2 2
Case 59:
7 7 7 7 7 7 7 7 7 7 7 7 7 7 7 7 7
Case 60:
58 58 4 58 4 58
Case 61:
0 0 14 56 0 42 0 42 56 0
Case 62:
542 542 542 542 542 542 542 542 542 542 542 542 542 542 542 542 542
Case 63:
305 265 345 285 425 425 385 265 245 405
Case 64:
0 0 0 0 0 0 0 0 0 0 0 0 0 0 0
Case 65:
1944 1584 1440 1872
Case 66:
136 160 166 172 124 142 160 172 124
Case 67:
3 2 2 9 6 2 7 5 9
Case 68:
9 0 0 8 7 0 7 5 7 3 8 6 0
Case 69:
84 0 77 77
Case 70:
45 66 52 59 17 24
Case 71:
16 16 16 16 16
Case 72:
3168 3488 928 928 2848 928 2208 608 608 1248 1248 1888 3168 928 2848 3488 608 2208
Case 73:
8 16 16 24 16 24 24 8 24 8 8
Case 74:
0 0 0 0 0 0 0 0 0 0 0 0 0
Case 75:
102 96 105 108 84 99 102 99 105 93 87 81 90
Case 76:
3 4 4 3
Case 77:
5 5 5 5 5 5 5 5 5
Case 78:
0 0 0 0 0 0
Case 79:
0 0 0 0 0 0 0 0 0 0 0 0 0 0 0 0 0
Case 80:
23 23 23 23 23 23 23 23 23 23 23 23
Case 81:
7 7 7 7 7 7 7 7 7 7 7 7 7
Case 82:
24 168 24 120
Case 83:
30 30
Case 84:
36 45 36 36 45 36 36 45 45 36 45 36 45 36 45
Case 85:
5 1 7 2 8 6 7 1 7 9 3 8 5 3 4 7 3 0 9
Case 86:
9
Case 87:
3 5 3 4 6
Case 88:
0 0 0 0 0 0
Case 89:
4877 4215 5322 3992 4434 5102 3772 3772 5322 3550 5102
Case 90:
830 680 980 980 980 980 980 680 230 680
Case 91:
83 65 56 83
Case 92:
350 420 490 350 385 245 210 245 525 245 315 245 315
Case 93:
45 45 5 25 0 35 15 45 10 30 45 20 10 25 45 10 10 25
Case 94:
2 0 4 5 9 8 1 3
Case 95:
14 17 9 14 18 15 14 14 10 15 18 16 9 11 10 10 18 12 16 10
Case 96:
0 0 1 1 1 1 1 0 0
Case 97:
17644 17644 17644 17644 17644 17644 17644 17644 17644 17644 17644 17644 17644 17644 17644 17644
Case 98:
4 4 4 4 4 4 4 4 4 4 4 4 4 4 4 4 4
Case 99:
10 6 6 7 6 6 8 6
Case 100:
2 2 2 2 2
